100
7202 84071706
7931 23179495
5033 48089012
7410 41921164
4856 67998395
2998 46464851
3422 38852962
3515 73993828
4841 16593165
5618 66098742
8837 61402436
5003 94294302
2602 79338058
6732 21228152
7487 99980126
8633 40426352
509 73157005
8147 55915630
7279 56168754
1246 59155996
2133 60056677
4234 93614937
4555 75858984
8581 10022274
9797 57131800
6833 16517354
7044 74617139
7019 56979346
20 36309056
8288 32181104
6050 66724499
7721 44532935
5605 27794258
4066 11230582
5132 78471859
6556 6173201
4384 36836784
3521 10550172
2085 10214727
5794 34328294
5087 45165931
2668 38924416
7202 45328778
1865 9445465
9185 30410428
7138 40230903
1224 52171397
6386 15114836
6853 95306823
9926 8176723
9905 80224071
8833 56605149
9965 30879577
2524 39427740
23 96260395
8698 53301588
844 22853420
5322 590041
4151 77684759
4278 21496241
3704 8822048
2472 71156294
9504 88459961
3291 84212936
4152 20616961
1151 11058077
7377 43943882
2487 89150086
4086 54185285
1405 54828623
5005 21869645
1686 94890290
7133 28519244
8975 86964682
6682 24756174
7702 33401519
3099 93169824
2918 44488626
3453 9878948
6106 96943030
4128 2908724
1618 22071593
9999 13101105
4147 56715550
3933 50465191
201 47121673
523 91643422
7944 56281622
582 57813120
9040 12820262
8397 97604002
223 58783846
3488 25735281
4400 23064974
6403 13137850
5505 38142387
2482 25966997
5298 64094922
6879 82416495
2745 14346938
